step=400
time=0.40000000
fieldSize=400
0.00000000
0.00000000
0.00000000
0.00000000
0.00000000
0.00000000
0.00000000
0.00000000
0.00000000
0.00000000
0.00000000
0.00000000
0.00000000
0.00000000
0.00000000
0.00000000
0.00000000
0.00000000
0.00000000
0.00000000
0.00000000
291.51995446
295.69948301
295.72951385
295.72965751
295.72965803
295.72965803
295.72965803
295.72965803
295.72965803
295.72965803
295.72965803
295.72965803
295.72965803
295.72965803
295.72965751
295.72951385
295.69948301
291.51995446
0.00000000
0.00000000
295.69948301
299.93878591
299.96924518
299.96939089
299.96939141
299.96939141
299.96939141
299.96939141
299.96939141
299.96939141
299.96939141
299.96939141
299.96939141
299.96939141
299.96939089
299.96924518
299.93878591
295.69948301
0.00000000
0.00000000
295.72951385
299.96924518
299.99970750
299.99985323
299.99985375
299.99985375
299.99985375
299.99985375
299.99985375
299.99985375
299.99985375
299.99985375
299.99985375
299.99985375
299.99985323
299.99970750
299.96924518
295.72951385
0.00000000
0.00000000
295.72965751
299.96939089
299.99985323
299.99999895
299.99999948
299.99999948
299.99999948
299.99999948
299.99999954
299.99999959
299.99999954
299.99999948
299.99999948
299.99999948
299.99999895
299.99985323
299.96939089
295.72965751
0.00000000
0.00000000
295.72965803
299.96939141
299.99985375
299.99999948
300.00000000
300.00000000
300.00000000
300.00000030
300.00001718
300.00003042
300.00001718
300.00000030
300.00000000
300.00000000
299.99999948
299.99985375
299.96939141
295.72965803
0.00000000
0.00000000
295.72965803
299.96939141
299.99985375
299.99999948
300.00000000
300.00000000
300.00000060
300.00006777
300.00360351
300.00637211
300.00360351
300.00006777
300.00000060
300.00000000
299.99999948
299.99985375
299.96939141
295.72965803
0.00000000
0.00000000
295.72965803
299.96939141
299.99985375
299.99999948
300.00000000
300.00000060
300.00010138
300.01065882
300.50460964
300.89019889
300.50460964
300.01065882
300.00010138
300.00000060
299.99999948
299.99985375
299.96939141
295.72965803
0.00000000
0.00000000
295.72965803
299.96939141
299.99985375
299.99999948
300.00000030
300.00006777
300.01065882
300.99650943
335.83810901
362.79070948
335.83810901
300.99650943
300.01065882
300.00006776
299.99999978
299.99985375
299.96939141
295.72965803
0.00000000
0.00000000
295.72965803
299.96939141
299.99985375
299.99999954
300.00001718
300.00360351
300.50460964
335.83810901
424.49952243
459.67976929
424.49952243
335.83810901
300.50460964
300.00360351
300.00001666
299.99985381
299.96939141
295.72965803
0.00000000
0.00000000
295.72965803
299.96939141
299.99985375
299.99999959
300.00003042
300.00637211
300.89019889
362.79070948
459.67976929
497.78913957
459.67976929
362.79070948
300.89019889
300.00637211
300.00002990
299.99985386
299.96939141
295.72965803
0.00000000
0.00000000
295.72965803
299.96939141
299.99985375
299.99999954
300.00001718
300.00360351
300.50460964
335.83810901
424.49952243
459.67976929
424.49952243
335.83810901
300.50460964
300.00360351
300.00001666
299.99985381
299.96939141
295.72965803
0.00000000
0.00000000
295.72965803
299.96939141
299.99985375
299.99999948
300.00000030
300.00006777
300.01065882
300.99650943
335.83810901
362.79070948
335.83810901
300.99650943
300.01065882
300.00006776
299.99999978
299.99985375
299.96939141
295.72965803
0.00000000
0.00000000
295.72965803
299.96939141
299.99985375
299.99999948
300.00000000
300.00000060
300.00010138
300.01065882
300.50460964
300.89019889
300.50460964
300.01065882
300.00010138
300.00000060
299.99999948
299.99985375
299.96939141
295.72965803
0.00000000
0.00000000
295.72965803
299.96939141
299.99985375
299.99999948
300.00000000
300.00000000
300.00000060
300.00006776
300.00360351
300.00637211
300.00360351
300.00006776
300.00000060
300.00000000
299.99999948
299.99985375
299.96939141
295.72965803
0.00000000
0.00000000
295.72965751
299.96939089
299.99985323
299.99999895
299.99999948
299.99999948
299.99999948
299.99999978
300.00001666
300.00002990
300.00001666
299.99999978
299.99999948
299.99999948
299.99999895
299.99985323
299.96939089
295.72965751
0.00000000
0.00000000
295.72951385
299.96924518
299.99970750
299.99985323
299.99985375
299.99985375
299.99985375
299.99985375
299.99985381
299.99985386
299.99985381
299.99985375
299.99985375
299.99985375
299.99985323
299.99970750
299.96924518
295.72951385
0.00000000
0.00000000
295.69948301
299.93878591
299.96924518
299.96939089
299.96939141
299.96939141
299.96939141
299.96939141
299.96939141
299.96939141
299.96939141
299.96939141
299.96939141
299.96939141
299.96939089
299.96924518
299.93878591
295.69948301
0.00000000
0.00000000
291.51995446
295.69948301
295.72951385
295.72965751
295.72965803
295.72965803
295.72965803
295.72965803
295.72965803
295.72965803
295.72965803
295.72965803
295.72965803
295.72965803
295.72965751
295.72951385
295.69948301
291.51995446
0.00000000
0.00000000
0.00000000
0.00000000
0.00000000
0.00000000
0.00000000
0.00000000
0.00000000
0.00000000
0.00000000
0.00000000
0.00000000
0.00000000
0.00000000
0.00000000
0.00000000
0.00000000
0.00000000
0.00000000
0.00000000
