step=200
time=0.20000000
fieldSize=400
0.00000000
0.00000000
0.00000000
0.00000000
0.00000000
0.00000000
0.00000000
0.00000000
0.00000000
0.00000000
0.00000000
0.00000000
0.00000000
0.00000000
0.00000000
0.00000000
0.00000000
0.00000000
0.00000000
0.00000000
0.00000000
295.71427618
297.84181632
297.84944989
297.84946807
297.84946810
297.84946810
297.84946810
297.84946810
297.84946810
297.84946810
297.84946810
297.84946810
297.84946810
297.84946810
297.84946807
297.84944989
297.84181632
295.71427618
0.00000000
0.00000000
297.84181632
299.98458724
299.99227519
299.99229349
299.99229353
299.99229353
299.99229353
299.99229353
299.99229353
299.99229353
299.99229353
299.99229353
299.99229353
299.99229353
299.99229349
299.99227519
299.98458724
297.84181632
0.00000000
0.00000000
297.84944989
299.99227519
299.99996332
299.99998163
299.99998166
299.99998166
299.99998166
299.99998166
299.99998166
299.99998166
299.99998166
299.99998166
299.99998166
299.99998166
299.99998163
299.99996332
299.99227519
297.84944989
0.00000000
0.00000000
297.84946807
299.99229349
299.99998163
299.99999993
299.99999997
299.99999997
299.99999997
299.99999997
299.99999997
299.99999997
299.99999997
299.99999997
299.99999997
299.99999997
299.99999993
299.99998163
299.99229349
297.84946807
0.00000000
0.00000000
297.84946810
299.99229353
299.99998166
299.99999997
300.00000000
300.00000000
300.00000000
300.00000002
300.00000215
300.00000384
300.00000215
300.00000002
300.00000000
300.00000000
299.99999997
299.99998166
299.99229353
297.84946810
0.00000000
0.00000000
297.84946810
299.99229353
299.99998166
299.99999997
300.00000000
300.00000000
300.00000004
300.00000855
300.00090525
300.00161227
300.00090525
300.00000855
300.00000004
300.00000000
299.99999997
299.99998166
299.99229353
297.84946810
0.00000000
0.00000000
297.84946810
299.99229353
299.99998166
299.99999997
300.00000000
300.00000004
300.00001281
300.00269661
300.25309174
300.45020565
300.25309174
300.00269661
300.00001281
300.00000004
299.99999997
299.99998166
299.99229353
297.84946810
0.00000000
0.00000000
297.84946810
299.99229353
299.99998166
299.99999997
300.00000002
300.00000855
300.00269661
300.50296324
335.50460249
362.92990107
335.50460249
300.50296324
300.00269661
300.00000855
299.99999999
299.99998166
299.99229353
297.84946810
0.00000000
0.00000000
297.84946810
299.99229353
299.99998166
299.99999997
300.00000215
300.00090525
300.25309174
335.50460249
425.27868934
460.61558794
425.27868934
335.50460249
300.25309174
300.00090525
300.00000212
299.99998166
299.99229353
297.84946810
0.00000000
0.00000000
297.84946810
299.99229353
299.99998166
299.99999997
300.00000384
300.00161227
300.45020565
362.92990107
460.61558794
498.89216955
460.61558794
362.92990107
300.45020565
300.00161227
300.00000380
299.99998167
299.99229353
297.84946810
0.00000000
0.00000000
297.84946810
299.99229353
299.99998166
299.99999997
300.00000215
300.00090525
300.25309174
335.50460249
425.27868934
460.61558794
425.27868934
335.50460249
300.25309174
300.00090525
300.00000212
299.99998166
299.99229353
297.84946810
0.00000000
0.00000000
297.84946810
299.99229353
299.99998166
299.99999997
300.00000002
300.00000855
300.00269661
300.50296324
335.50460249
362.92990107
335.50460249
300.50296324
300.00269661
300.00000855
299.99999999
299.99998166
299.99229353
297.84946810
0.00000000
0.00000000
297.84946810
299.99229353
299.99998166
299.99999997
300.00000000
300.00000004
300.00001281
300.00269661
300.25309174
300.45020565
300.25309174
300.00269661
300.00001281
300.00000004
299.99999997
299.99998166
299.99229353
297.84946810
0.00000000
0.00000000
297.84946810
299.99229353
299.99998166
299.99999997
300.00000000
300.00000000
300.00000004
300.00000855
300.00090525
300.00161227
300.00090525
300.00000855
300.00000004
300.00000000
299.99999997
299.99998166
299.99229353
297.84946810
0.00000000
0.00000000
297.84946807
299.99229349
299.99998163
299.99999993
299.99999997
299.99999997
299.99999997
299.99999999
300.00000212
300.00000380
300.00000212
299.99999999
299.99999997
299.99999997
299.99999993
299.99998163
299.99229349
297.84946807
0.00000000
0.00000000
297.84944989
299.99227519
299.99996332
299.99998163
299.99998166
299.99998166
299.99998166
299.99998166
299.99998166
299.99998167
299.99998166
299.99998166
299.99998166
299.99998166
299.99998163
299.99996332
299.99227519
297.84944989
0.00000000
0.00000000
297.84181632
299.98458724
299.99227519
299.99229349
299.99229353
299.99229353
299.99229353
299.99229353
299.99229353
299.99229353
299.99229353
299.99229353
299.99229353
299.99229353
299.99229349
299.99227519
299.98458724
297.84181632
0.00000000
0.00000000
295.71427618
297.84181632
297.84944989
297.84946807
297.84946810
297.84946810
297.84946810
297.84946810
297.84946810
297.84946810
297.84946810
297.84946810
297.84946810
297.84946810
297.84946807
297.84944989
297.84181632
295.71427618
0.00000000
0.00000000
0.00000000
0.00000000
0.00000000
0.00000000
0.00000000
0.00000000
0.00000000
0.00000000
0.00000000
0.00000000
0.00000000
0.00000000
0.00000000
0.00000000
0.00000000
0.00000000
0.00000000
0.00000000
0.00000000
